1 -1 2 -1 -2
3 -1 4 -1 -2
5 -1 6 -1 7 -1 -2
8 -1 9 -1 -2
10 -1 8 -1 11 -1 -2
12 -1 13 -1 14 -1 -2
15 -1 15 -1 -2
16 -1 9 -1 17 -1 -2
9 -1 17 -1 18 -1 19 -1 20 -1 21 -1 -2
22 -1 23 -1 24 -1 13 -1 25 -1 9 -1 -2
13 -1 -2
26 -1 -2
26 -1 -2
26 -1 -2
13 -1 15 -1 27 -1 28 -1 -2
29 -1 27 -1 29 -1 -2
30 -1 31 -1 32 -1 -2
27 -1 33 -1 6 -1 -2
15 -1 34 -1 -2
6 -1 -2
35 -1 36 -1 -2
37 -1 38 -1 -2
13 -1 39 -1 -2
40 -1 41 -1 -2
13 -1 15 -1 -2
27 -1 42 -1 43 -1 44 -1 13 -1 -2
45 -1 46 -1 -2
47 -1 48 -1 5 -1 49 -1 50 -1 51 -1 52 -1 53 -1 -2
6 -1 -2
54 -1 9 -1 55 -1 56 -1 -2
13 -1 57 -1 -2
58 -1 59 -1 -2
27 -1 55 -1 -2
60 -1 27 -1 61 -1 -2
27 -1 62 -1 -2
63 -1 64 -1 -2
13 -1 65 -1 -2
66 -1 13 -1 -2
67 -1 68 -1 -2
69 -1 70 -1 71 -1 9 -1 72 -1 73 -1 -2
74 -1 13 -1 -2
27 -1 75 -1 -2
15 -1 27 -1 -2
50 -1 76 -1 13 -1 77 -1 78 -1 79 -1 80 -1 81 -1 82 -1 83 -1 84 -1 17 -1 27 -1 -2
55 -1 13 -1 -2
15 -1 27 -1 -2
85 -1 -2
86 -1 -2
13 -1 87 -1 27 -1 88 -1 89 -1 -2
90 -1 91 -1 92 -1 93 -1 -2
94 -1 9 -1 36 -1 9 -1 95 -1 -2
13 -1 85 -1 27 -1 15 -1 -2
96 -1 97 -1 -2
13 -1 27 -1 77 -1 27 -1 55 -1 98 -1 13 -1 15 -1 -2
77 -1 27 -1 55 -1 98 -1 13 -1 15 -1 99 -1 98 -1 -2
27 -1 6 -1 42 -1 100 -1 101 -1 102 -1 -2
103 -1 104 -1 105 -1 106 -1 -2
107 -1 15 -1 -2
13 -1 -2
6 -1 108 -1 109 -1 -2
7 -1 110 -1 111 -1 -2
111 -1 112 -1 -2
49 -1 113 -1 -2
114 -1 28 -1 27 -1 115 -1 116 -1 7 -1 117 -1 66 -1 115 -1 -2
15 -1 55 -1 7 -1 -2
118 -1 109 -1 55 -1 -2
27 -1 119 -1 -2
13 -1 15 -1 120 -1 -2
13 -1 66 -1 -2
121 -1 36 -1 -2
122 -1 -2
122 -1 7 -1 -2
13 -1 -2
9 -1 36 -1 9 -1 15 -1 55 -1 -2
27 -1 13 -1 9 -1 15 -1 123 -1 88 -1 124 -1 125 -1 -2
13 -1 6 -1 126 -1 -2
13 -1 13 -1 7 -1 -2
127 -1 128 -1 -2
129 -1 130 -1 -2
131 -1 132 -1 -2
26 -1 84 -1 77 -1 -2
133 -1 13 -1 -2
134 -1 -2
13 -1 -2
13 -1 27 -1 47 -1 135 -1 55 -1 9 -1 136 -1 55 -1 13 -1 -2
137 -1 27 -1 6 -1 138 -1 -2
9 -1 139 -1 -2
140 -1 141 -1 142 -1 -2
143 -1 144 -1 -2
101 -1 102 -1 -2
145 -1 -2
9 -1 146 -1 -2
85 -1 147 -1 -2
148 -1 149 -1 150 -1 151 -1 152 -1 -2
27 -1 153 -1 13 -1 15 -1 -2
154 -1 13 -1 -2
13 -1 7 -1 -2
27 -1 155 -1 156 -1 42 -1 -2
15 -1 157 -1 27 -1 -2
55 -1 158 -1 88 -1 84 -1 -2
158 -1 159 -1 160 -1 159 -1 161 -1 -2
162 -1 -2
109 -1 7 -1 99 -1 163 -1 -2
27 -1 -2
27 -1 7 -1 -2
164 -1 9 -1 6 -1 164 -1 -2
62 -1 165 -1 166 -1 167 -1 168 -1 169 -1 -2
13 -1 170 -1 171 -1 -2
13 -1 9 -1 27 -1 6 -1 -2
17 -1 172 -1 173 -1 -2
6 -1 -2
27 -1 87 -1 13 -1 -2
47 -1 174 -1 109 -1 -2
13 -1 27 -1 36 -1 9 -1 -2
75 -1 1 -1 77 -1 175 -1 176 -1 -2
177 -1 178 -1 -2
27 -1 13 -1 -2
179 -1 180 -1 181 -1 -2
182 -1 183 -1 -2
55 -1 184 -1 -2
185 -1 186 -1 77 -1 -2
187 -1 13 -1 42 -1 85 -1 6 -1 -2
47 -1 9 -1 174 -1 -2
13 -1 15 -1 27 -1 77 -1 -2
9 -1 188 -1 189 -1 -2
15 -1 190 -1 36 -1 28 -1 191 -1 192 -1 165 -1 193 -1 -2
15 -1 27 -1 9 -1 77 -1 -2
6 -1 7 -1 22 -1 -2
9 -1 154 -1 194 -1 -2
88 -1 195 -1 -2
165 -1 196 -1 197 -1 -2
106 -1 198 -1 199 -1 -2
27 -1 3 -1 200 -1 -2
4 -1 201 -1 -2
3 -1 -2
27 -1 9 -1 -2
22 -1 78 -1 202 -1 203 -1 15 -1 204 -1 27 -1 -2
9 -1 9 -1 -2
27 -1 27 -1 -2
77 -1 9 -1 -2
66 -1 13 -1 -2
205 -1 77 -1 7 -1 -2
27 -1 6 -1 -2
124 -1 9 -1 -2
206 -1 207 -1 -2
208 -1 209 -1 206 -1 210 -1 -2
9 -1 15 -1 78 -1 211 -1 212 -1 -2
13 -1 -2
213 -1 27 -1 -2
13 -1 6 -1 -2
77 -1 214 -1 77 -1 215 -1 13 -1 -2
27 -1 42 -1 88 -1 -2
13 -1 -2
15 -1 216 -1 217 -1 78 -1 32 -1 27 -1 85 -1 218 -1 13 -1 13 -1 -2
9 -1 157 -1 13 -1 -2
219 -1 220 -1 221 -1 222 -1 223 -1 224 -1 -2
13 -1 77 -1 27 -1 -2
77 -1 27 -1 82 -1 -2
27 -1 22 -1 -2
27 -1 15 -1 -2
15 -1 13 -1 -2
225 -1 226 -1 -2
55 -1 227 -1 -2
13 -1 228 -1 -2
229 -1 229 -1 -2
198 -1 56 -1 -2
27 -1 230 -1 -2
7 -1 13 -1 231 -1 -2
27 -1 15 -1 109 -1 6 -1 -2
232 -1 233 -1 234 -1 -2
57 -1 235 -1 -2
76 -1 63 -1 -2
13 -1 -2
6 -1 13 -1 -2
236 -1 13 -1 27 -1 -2
237 -1 -2
238 -1 51 -1 239 -1 -2
15 -1 27 -1 -2
13 -1 15 -1 9 -1 -2
7 -1 27 -1 -2
240 -1 36 -1 9 -1 9 -1 -2
15 -1 77 -1 -2
27 -1 -2
13 -1 241 -1 57 -1 242 -1 -2
13 -1 7 -1 -2
7 -1 7 -1 13 -1 -2
9 -1 -2
243 -1 -2
172 -1 173 -1 -2
243 -1 244 -1 13 -1 -2
13 -1 -2
245 -1 -2
27 -1 246 -1 246 -1 15 -1 -2
26 -1 -2
13 -1 9 -1 -2
13 -1 -2
7 -1 15 -1 -2
247 -1 15 -1 90 -1 248 -1 249 -1 250 -1 251 -1 13 -1 252 -1 253 -1 254 -1 255 -1 256 -1 257 -1 258 -1 259 -1 260 -1 261 -1 262 -1 263 -1 264 -1 265 -1 266 -1 5 -1 267 -1 268 -1 42 -1 269 -1 270 -1 271 -1 -2
9 -1 13 -1 264 -1 55 -1 -2
13 -1 6 -1 -2
6 -1 65 -1 -2
77 -1 272 -1 -2
166 -1 117 -1 273 -1 274 -1 275 -1 276 -1 185 -1 85 -1 -2
9 -1 277 -1 -2
278 -1 279 -1 280 -1 281 -1 282 -1 109 -1 283 -1 -2
281 -1 282 -1 109 -1 283 -1 109 -1 284 -1 285 -1 286 -1 287 -1 -2
109 -1 284 -1 285 -1 286 -1 287 -1 288 -1 -2
288 -1 13 -1 -2
289 -1 32 -1 -2
9 -1 290 -1 15 -1 32 -1 291 -1 27 -1 5 -1 -2
292 -1 109 -1 6 -1 -2
293 -1 294 -1 -2
85 -1 27 -1 -2
295 -1 296 -1 297 -1 298 -1 -2
298 -1 112 -1 299 -1 -2
13 -1 300 -1 -2
301 -1 302 -1 -2
27 -1 303 -1 304 -1 305 -1 9 -1 15 -1 -2
95 -1 13 -1 -2
6 -1 13 -1 87 -1 -2
27 -1 185 -1 -2
27 -1 256 -1 -2
187 -1 248 -1 131 -1 15 -1 306 -1 -2
307 -1 308 -1 309 -1 15 -1 78 -1 211 -1 310 -1 311 -1 312 -1 -2
13 -1 6 -1 109 -1 313 -1 -2
13 -1 106 -1 35 -1 -2
314 -1 315 -1 -2
316 -1 117 -1 317 -1 -2
318 -1 319 -1 193 -1 -2
320 -1 117 -1 321 -1 322 -1 9 -1 -2
35 -1 4 -1 -2
323 -1 88 -1 89 -1 -2
13 -1 15 -1 27 -1 324 -1 -2
15 -1 9 -1 27 -1 325 -1 -2
326 -1 13 -1 187 -1 -2
13 -1 55 -1 327 -1 -2
9 -1 13 -1 -2
15 -1 27 -1 -2
117 -1 328 -1 167 -1 55 -1 329 -1 66 -1 36 -1 330 -1 4 -1 331 -1 272 -1 32 -1 241 -1 273 -1 332 -1 -2
27 -1 101 -1 333 -1 -2
13 -1 -2
7 -1 27 -1 -2
334 -1 335 -1 -2
42 -1 336 -1 -2
337 -1 338 -1 -2
339 -1 340 -1 -2
7 -1 341 -1 154 -1 282 -1 342 -1 109 -1 343 -1 -2
15 -1 27 -1 -2
109 -1 344 -1 -2
50 -1 345 -1 67 -1 66 -1 109 -1 197 -1 -2
13 -1 6 -1 9 -1 15 -1 32 -1 -2
27 -1 95 -1 -2
22 -1 -2
27 -1 346 -1 -2
256 -1 347 -1 -2
210 -1 27 -1 348 -1 15 -1 66 -1 112 -1 -2
27 -1 348 -1 15 -1 66 -1 112 -1 55 -1 -2
175 -1 66 -1 77 -1 248 -1 175 -1 -2
15 -1 349 -1 55 -1 350 -1 -2
79 -1 351 -1 13 -1 66 -1 352 -1 109 -1 162 -1 -2
353 -1 354 -1 -2
6 -1 -2
15 -1 13 -1 27 -1 -2
7 -1 355 -1 356 -1 -2
15 -1 357 -1 358 -1 -2
50 -1 109 -1 359 -1 360 -1 -2
13 -1 55 -1 361 -1 -2
285 -1 27 -1 -2
13 -1 9 -1 362 -1 13 -1 -2
13 -1 9 -1 15 -1 341 -1 -2
15 -1 363 -1 364 -1 13 -1 27 -1 85 -1 77 -1 55 -1 365 -1 366 -1 6 -1 42 -1 -2
237 -1 47 -1 15 -1 -2
367 -1 27 -1 -2
13 -1 6 -1 368 -1 15 -1 7 -1 78 -1 124 -1 369 -1 -2
15 -1 7 -1 78 -1 124 -1 369 -1 5 -1 370 -1 15 -1 7 -1 -2
371 -1 15 -1 -2
27 -1 32 -1 -2
77 -1 372 -1 373 -1 -2
363 -1 374 -1 -2
165 -1 112 -1 -2
375 -1 55 -1 -2
27 -1 13 -1 -2
109 -1 109 -1 77 -1 376 -1 153 -1 111 -1 -2
165 -1 13 -1 -2
77 -1 9 -1 -2
377 -1 66 -1 -2
378 -1 -2
27 -1 88 -1 5 -1 82 -1 363 -1 -2
379 -1 380 -1 381 -1 382 -1 -2
27 -1 383 -1 384 -1 -2
13 -1 385 -1 386 -1 -2
387 -1 13 -1 36 -1 49 -1 388 -1 389 -1 390 -1 391 -1 55 -1 -2
27 -1 13 -1 15 -1 -2
6 -1 -2
77 -1 124 -1 27 -1 9 -1 -2
13 -1 392 -1 -2
77 -1 393 -1 359 -1 -2
394 -1 27 -1 395 -1 83 -1 396 -1 397 -1 13 -1 351 -1 77 -1 124 -1 398 -1 399 -1 6 -1 109 -1 227 -1 55 -1 17 -1 36 -1 400 -1 -2
227 -1 55 -1 17 -1 36 -1 400 -1 401 -1 402 -1 -2
403 -1 49 -1 404 -1 405 -1 -2
406 -1 407 -1 -2
408 -1 -2
120 -1 9 -1 -2
77 -1 409 -1 -2
410 -1 77 -1 27 -1 13 -1 411 -1 -2
77 -1 27 -1 13 -1 411 -1 77 -1 -2
27 -1 36 -1 412 -1 117 -1 55 -1 -2
27 -1 185 -1 185 -1 -2
15 -1 88 -1 -2
413 -1 414 -1 27 -1 15 -1 415 -1 36 -1 -2
416 -1 77 -1 -2
363 -1 417 -1 -2
418 -1 26 -1 411 -1 -2
13 -1 55 -1 85 -1 -2
27 -1 13 -1 9 -1 6 -1 -2
15 -1 5 -1 55 -1 78 -1 -2
13 -1 15 -1 13 -1 -2
13 -1 15 -1 -2
15 -1 13 -1 -2
13 -1 27 -1 -2
13 -1 27 -1 -2
85 -1 13 -1 15 -1 13 -1 -2
6 -1 -2
15 -1 -2
27 -1 6 -1 15 -1 -2
15 -1 27 -1 -2
419 -1 420 -1 -2
6 -1 419 -1 -2
24 -1 421 -1 9 -1 27 -1 422 -1 -2
27 -1 13 -1 -2
13 -1 7 -1 423 -1 -2
74 -1 7 -1 -2
424 -1 425 -1 -2
131 -1 95 -1 -2
6 -1 -2
426 -1 13 -1 55 -1 -2
13 -1 55 -1 88 -1 109 -1 -2
27 -1 427 -1 428 -1 -2
15 -1 7 -1 13 -1 -2
27 -1 13 -1 -2
27 -1 6 -1 -2
15 -1 13 -1 -2
13 -1 6 -1 -2
13 -1 285 -1 429 -1 430 -1 27 -1 431 -1 219 -1 9 -1 432 -1 433 -1 235 -1 35 -1 434 -1 435 -1 436 -1 56 -1 -2
437 -1 17 -1 438 -1 6 -1 439 -1 334 -1 224 -1 17 -1 27 -1 7 -1 -2
17 -1 27 -1 7 -1 440 -1 77 -1 441 -1 6 -1 442 -1 443 -1 444 -1 -2
440 -1 77 -1 441 -1 6 -1 442 -1 443 -1 444 -1 5 -1 334 -1 99 -1 441 -1 22 -1 -2
5 -1 334 -1 99 -1 441 -1 22 -1 445 -1 441 -1 224 -1 446 -1 447 -1 149 -1 219 -1 154 -1 28 -1 -2
445 -1 441 -1 224 -1 446 -1 447 -1 149 -1 219 -1 154 -1 28 -1 98 -1 448 -1 6 -1 445 -1 449 -1 447 -1 219 -1 450 -1 219 -1 13 -1 -2
98 -1 448 -1 6 -1 445 -1 449 -1 447 -1 219 -1 450 -1 219 -1 13 -1 6 -1 445 -1 451 -1 27 -1 398 -1 -2
452 -1 27 -1 5 -1 98 -1 15 -1 224 -1 219 -1 106 -1 -2
5 -1 453 -1 169 -1 -2
22 -1 452 -1 6 -1 22 -1 -2
452 -1 6 -1 22 -1 5 -1 28 -1 -2
13 -1 -2
27 -1 187 -1 -2
77 -1 454 -1 455 -1 -2
456 -1 457 -1 458 -1 77 -1 80 -1 27 -1 459 -1 -2
27 -1 9 -1 4 -1 -2
47 -1 460 -1 47 -1 -2
418 -1 62 -1 -2
154 -1 9 -1 13 -1 27 -1 461 -1 -2
462 -1 27 -1 463 -1 -2
77 -1 464 -1 465 -1 466 -1 56 -1 467 -1 468 -1 109 -1 -2
7 -1 27 -1 -2
469 -1 470 -1 471 -1 472 -1 -2
201 -1 -2
15 -1 15 -1 32 -1 13 -1 473 -1 -2
15 -1 13 -1 -2
359 -1 474 -1 -2
475 -1 66 -1 -2
217 -1 13 -1 -2
27 -1 -2
13 -1 9 -1 402 -1 27 -1 6 -1 -2
77 -1 476 -1 -2
477 -1 478 -1 228 -1 -2
7 -1 9 -1 106 -1 -2
13 -1 13 -1 -2
479 -1 480 -1 122 -1 -2
15 -1 -2
6 -1 13 -1 481 -1 -2
6 -1 148 -1 124 -1 85 -1 -2
13 -1 27 -1 237 -1 216 -1 -2
27 -1 237 -1 216 -1 7 -1 -2
7 -1 27 -1 -2
88 -1 27 -1 13 -1 9 -1 -2
482 -1 483 -1 -2
484 -1 32 -1 273 -1 346 -1 485 -1 -2
486 -1 27 -1 88 -1 -2
27 -1 122 -1 -2
487 -1 488 -1 284 -1 489 -1 -2
489 -1 36 -1 32 -1 79 -1 75 -1 55 -1 490 -1 491 -1 -2
464 -1 27 -1 -2
464 -1 492 -1 489 -1 464 -1 -2
493 -1 9 -1 235 -1 88 -1 7 -1 -2
235 -1 88 -1 7 -1 464 -1 -2
106 -1 494 -1 -2
109 -1 -2
13 -1 -2
117 -1 9 -1 -2
27 -1 9 -1 495 -1 496 -1 -2
63 -1 27 -1 77 -1 78 -1 15 -1 497 -1 498 -1 499 -1 9 -1 6 -1 13 -1 7 -1 32 -1 500 -1 15 -1 -2
13 -1 -2
501 -1 502 -1 503 -1 -2
504 -1 505 -1 -2
506 -1 507 -1 -2
508 -1 509 -1 510 -1 511 -1 27 -1 482 -1 512 -1 513 -1 482 -1 514 -1 6 -1 -2
13 -1 22 -1 9 -1 482 -1 515 -1 516 -1 -2
516 -1 120 -1 -2
120 -1 -2
517 -1 7 -1 -2
517 -1 -2
482 -1 518 -1 -2
518 -1 517 -1 -2
13 -1 -2
519 -1 520 -1 521 -1 -2
6 -1 27 -1 -2
22 -1 13 -1 -2
6 -1 -2
7 -1 15 -1 -2
27 -1 66 -1 384 -1 -2
148 -1 7 -1 -2
15 -1 32 -1 9 -1 32 -1 13 -1 -2
372 -1 15 -1 522 -1 13 -1 6 -1 -2
13 -1 185 -1 523 -1 524 -1 15 -1 -2
7 -1 27 -1 6 -1 9 -1 -2
525 -1 13 -1 -2
219 -1 169 -1 -2
366 -1 526 -1 -2
527 -1 528 -1 -2
363 -1 529 -1 -2
27 -1 530 -1 -2
257 -1 77 -1 -2
531 -1 55 -1 531 -1 -2
532 -1 117 -1 319 -1 533 -1 273 -1 -2
403 -1 418 -1 -2
165 -1 109 -1 534 -1 166 -1 535 -1 -2
88 -1 148 -1 13 -1 15 -1 124 -1 77 -1 -2
536 -1 537 -1 538 -1 -2
13 -1 109 -1 -2
13 -1 539 -1 13 -1 -2
9 -1 -2
13 -1 15 -1 32 -1 82 -1 540 -1 99 -1 9 -1 27 -1 -2
22 -1 77 -1 9 -1 -2
27 -1 15 -1 541 -1 13 -1 9 -1 27 -1 15 -1 -2
542 -1 418 -1 -2
9 -1 27 -1 55 -1 543 -1 544 -1 -2
13 -1 15 -1 6 -1 -2
357 -1 6 -1 28 -1 27 -1 15 -1 13 -1 -2
66 -1 88 -1 -2
7 -1 545 -1 -2
13 -1 9 -1 -2
15 -1 546 -1 27 -1 87 -1 547 -1 77 -1 -2
27 -1 88 -1 -2
548 -1 9 -1 549 -1 -2
13 -1 550 -1 15 -1 -2
15 -1 -2
13 -1 27 -1 -2
13 -1 27 -1 13 -1 -2
27 -1 13 -1 13 -1 148 -1 -2
551 -1 27 -1 -2
78 -1 6 -1 -2
462 -1 6 -1 27 -1 13 -1 -2
78 -1 15 -1 52 -1 -2
15 -1 75 -1 552 -1 -2
15 -1 27 -1 553 -1 -2
15 -1 27 -1 -2
554 -1 28 -1 -2
77 -1 13 -1 -2
13 -1 9 -1 555 -1 556 -1 6 -1 -2
32 -1 392 -1 13 -1 109 -1 557 -1 -2
7 -1 52 -1 9 -1 -2
248 -1 558 -1 559 -1 560 -1 561 -1 562 -1 563 -1 564 -1 565 -1 -2
22 -1 566 -1 13 -1 55 -1 567 -1 157 -1 464 -1 -2
252 -1 568 -1 -2
13 -1 15 -1 32 -1 -2
27 -1 13 -1 32 -1 79 -1 569 -1 -2
13 -1 9 -1 -2
77 -1 15 -1 9 -1 363 -1 197 -1 167 -1 570 -1 -2
109 -1 571 -1 13 -1 293 -1 -2
572 -1 573 -1 -2
13 -1 40 -1 574 -1 575 -1 -2
15 -1 13 -1 -2
576 -1 27 -1 15 -1 577 -1 32 -1 66 -1 -2
578 -1 579 -1 580 -1 -2
581 -1 582 -1 66 -1 581 -1 583 -1 13 -1 9 -1 -2
581 -1 583 -1 13 -1 9 -1 584 -1 585 -1 109 -1 -2
6 -1 13 -1 -2
9 -1 106 -1 -2
77 -1 88 -1 219 -1 586 -1 22 -1 587 -1 451 -1 588 -1 589 -1 15 -1 -2
13 -1 482 -1 219 -1 55 -1 219 -1 77 -1 590 -1 591 -1 -2
17 -1 6 -1 7 -1 9 -1 87 -1 -2
15 -1 592 -1 13 -1 197 -1 245 -1 392 -1 593 -1 27 -1 594 -1 595 -1 526 -1 28 -1 352 -1 -2
85 -1 165 -1 -2
596 -1 32 -1 482 -1 85 -1 -2
27 -1 273 -1 -2
15 -1 -2
47 -1 13 -1 -2
109 -1 597 -1 -2
13 -1 197 -1 13 -1 -2
7 -1 166 -1 -2
85 -1 52 -1 598 -1 -2
169 -1 13 -1 -2
27 -1 77 -1 599 -1 6 -1 6 -1 -2
27 -1 6 -1 -2
9 -1 154 -1 600 -1 27 -1 15 -1 264 -1 -2
264 -1 9 -1 -2
6 -1 109 -1 -2
15 -1 326 -1 601 -1 602 -1 272 -1 496 -1 603 -1 604 -1 605 -1 -2
606 -1 607 -1 88 -1 608 -1 609 -1 606 -1 6 -1 13 -1 36 -1 106 -1 610 -1 -2
611 -1 612 -1 -2
612 -1 167 -1 475 -1 -2
36 -1 9 -1 79 -1 613 -1 273 -1 -2
32 -1 614 -1 425 -1 -2
363 -1 615 -1 -2
27 -1 616 -1 -2
15 -1 124 -1 617 -1 -2
6 -1 618 -1 356 -1 -2
66 -1 619 -1 -2
27 -1 13 -1 -2
77 -1 620 -1 621 -1 622 -1 62 -1 623 -1 13 -1 624 -1 625 -1 185 -1 -2
15 -1 626 -1 627 -1 326 -1 13 -1 628 -1 42 -1 629 -1 66 -1 563 -1 -2
13 -1 628 -1 42 -1 629 -1 66 -1 563 -1 581 -1 -2
630 -1 27 -1 631 -1 13 -1 15 -1 -2
632 -1 15 -1 -2
27 -1 -2
27 -1 13 -1 -2
66 -1 109 -1 -2
633 -1 634 -1 197 -1 635 -1 636 -1 19 -1 637 -1 638 -1 639 -1 -2
640 -1 640 -1 641 -1 -2
13 -1 55 -1 36 -1 -2
7 -1 6 -1 642 -1 7 -1 13 -1 77 -1 -2
351 -1 157 -1 42 -1 219 -1 6 -1 109 -1 88 -1 643 -1 9 -1 6 -1 549 -1 -2
28 -1 357 -1 644 -1 464 -1 9 -1 13 -1 -2
77 -1 452 -1 112 -1 -2
13 -1 27 -1 6 -1 264 -1 -2
645 -1 77 -1 -2
154 -1 646 -1 -2
647 -1 492 -1 -2
88 -1 648 -1 40 -1 -2
649 -1 650 -1 -2
651 -1 652 -1 -2
653 -1 154 -1 -2
654 -1 212 -1 -2
482 -1 148 -1 655 -1 -2
13 -1 13 -1 -2
9 -1 9 -1 37 -1 365 -1 656 -1 657 -1 -2
167 -1 658 -1 9 -1 55 -1 -2
9 -1 659 -1 -2
9 -1 231 -1 -2
55 -1 9 -1 -2
660 -1 661 -1 -2
13 -1 15 -1 9 -1 -2
13 -1 9 -1 13 -1 662 -1 -2
77 -1 663 -1 -2
664 -1 665 -1 13 -1 27 -1 666 -1 283 -1 667 -1 656 -1 40 -1 668 -1 362 -1 669 -1 -2
13 -1 9 -1 670 -1 -2
75 -1 13 -1 -2
671 -1 672 -1 27 -1 15 -1 109 -1 673 -1 99 -1 -2
27 -1 674 -1 -2
6 -1 -2
13 -1 27 -1 -2
13 -1 675 -1 197 -1 66 -1 -2
27 -1 77 -1 -2
27 -1 676 -1 78 -1 13 -1 88 -1 677 -1 -2
678 -1 679 -1 680 -1 681 -1 -2
680 -1 681 -1 2 -1 -2
27 -1 77 -1 -2
9 -1 320 -1 47 -1 682 -1 -2
13 -1 683 -1 -2
15 -1 77 -1 9 -1 9 -1 -2
26 -1 26 -1 -2
117 -1 9 -1 9 -1 684 -1 -2
6 -1 -2
492 -1 85 -1 413 -1 -2
85 -1 413 -1 85 -1 685 -1 -2
85 -1 685 -1 85 -1 -2
686 -1 687 -1 34 -1 15 -1 109 -1 7 -1 688 -1 -2
203 -1 77 -1 27 -1 689 -1 88 -1 13 -1 15 -1 -2
77 -1 27 -1 689 -1 88 -1 13 -1 15 -1 13 -1 -2
65 -1 -2
15 -1 27 -1 -2
690 -1 363 -1 691 -1 -2
692 -1 111 -1 6 -1 109 -1 482 -1 693 -1 -2
9 -1 219 -1 6 -1 228 -1 -2
6 -1 6 -1 228 -1 -2
694 -1 212 -1 -2
27 -1 27 -1 -2
13 -1 9 -1 -2
13 -1 27 -1 -2
408 -1 695 -1 -2
13 -1 9 -1 13 -1 87 -1 36 -1 9 -1 27 -1 15 -1 696 -1 6 -1 697 -1 -2
379 -1 379 -1 -2
379 -1 698 -1 -2
699 -1 700 -1 27 -1 701 -1 -2
702 -1 703 -1 -2
704 -1 77 -1 -2
705 -1 -2
13 -1 -2
27 -1 -2
3 -1 -2
706 -1 707 -1 -2
708 -1 13 -1 -2
120 -1 13 -1 76 -1 -2
709 -1 710 -1 -2
185 -1 40 -1 -2
6 -1 -2
55 -1 27 -1 27 -1 13 -1 -2
6 -1 -2
15 -1 406 -1 -2
109 -1 711 -1 383 -1 -2
326 -1 712 -1 677 -1 666 -1 -2
363 -1 713 -1 -2
124 -1 714 -1 -2
714 -1 -2
148 -1 166 -1 -2
204 -1 715 -1 -2
562 -1 7 -1 -2
15 -1 124 -1 27 -1 13 -1 -2
716 -1 464 -1 55 -1 717 -1 27 -1 464 -1 718 -1 719 -1 -2
27 -1 464 -1 718 -1 719 -1 6 -1 719 -1 88 -1 -2
7 -1 9 -1 -2
13 -1 77 -1 -2
27 -1 409 -1 166 -1 84 -1 720 -1 13 -1 516 -1 15 -1 721 -1 -2
167 -1 555 -1 547 -1 -2
722 -1 452 -1 723 -1 -2
724 -1 9 -1 -2
9 -1 719 -1 725 -1 719 -1 15 -1 -2
36 -1 9 -1 27 -1 -2
27 -1 726 -1 -2
138 -1 13 -1 -2
727 -1 27 -1 -2
85 -1 728 -1 177 -1 -2
66 -1 5 -1 729 -1 -2
66 -1 80 -1 -2
489 -1 80 -1 -2
15 -1 730 -1 15 -1 88 -1 -2
383 -1 308 -1 -2
731 -1 27 -1 -2
13 -1 -2
732 -1 733 -1 -2
4 -1 734 -1 -2
22 -1 735 -1 736 -1 -2
13 -1 85 -1 15 -1 -2
157 -1 -2
392 -1 13 -1 27 -1 -2
219 -1 9 -1 27 -1 7 -1 -2
7 -1 -2
6 -1 -2
47 -1 228 -1 -2
167 -1 737 -1 55 -1 -2
95 -1 13 -1 -2
36 -1 738 -1 -2
212 -1 -2
6 -1 13 -1 -2
13 -1 739 -1 -2
6 -1 -2
27 -1 99 -1 -2
656 -1 85 -1 47 -1 -2
740 -1 741 -1 -2
742 -1 13 -1 743 -1 351 -1 744 -1 -2
13 -1 15 -1 -2
77 -1 -2
116 -1 78 -1 745 -1 746 -1 -2
747 -1 172 -1 173 -1 -2
748 -1 204 -1 749 -1 750 -1 -2
165 -1 6 -1 -2
9 -1 136 -1 -2
6 -1 87 -1 -2
27 -1 -2
304 -1 13 -1 27 -1 433 -1 9 -1 -2
193 -1 636 -1 -2
636 -1 15 -1 -2
15 -1 27 -1 6 -1 751 -1 -2
55 -1 752 -1 -2
148 -1 27 -1 7 -1 -2
27 -1 13 -1 -2
753 -1 754 -1 109 -1 -2
109 -1 404 -1 755 -1 -2
27 -1 13 -1 -2
756 -1 77 -1 -2
757 -1 273 -1 758 -1 -2
27 -1 301 -1 -2
759 -1 760 -1 761 -1 22 -1 -2
13 -1 66 -1 384 -1 32 -1 762 -1 763 -1 540 -1 764 -1 55 -1 241 -1 765 -1 766 -1 767 -1 185 -1 197 -1 768 -1 769 -1 770 -1 -2
13 -1 87 -1 768 -1 384 -1 330 -1 -2
88 -1 256 -1 90 -1 768 -1 771 -1 296 -1 482 -1 -2
90 -1 768 -1 771 -1 296 -1 482 -1 35 -1 320 -1 -2
55 -1 772 -1 -2
772 -1 -2
772 -1 -2
320 -1 762 -1 285 -1 13 -1 773 -1 774 -1 241 -1 775 -1 776 -1 380 -1 363 -1 187 -1 777 -1 778 -1 779 -1 780 -1 781 -1 27 -1 782 -1 783 -1 262 -1 784 -1 88 -1 768 -1 178 -1 79 -1 610 -1 785 -1 786 -1 783 -1 -2
88 -1 768 -1 178 -1 79 -1 610 -1 785 -1 786 -1 783 -1 787 -1 788 -1 -2
789 -1 790 -1 109 -1 789 -1 790 -1 13 -1 791 -1 792 -1 13 -1 793 -1 55 -1 737 -1 71 -1 -2
166 -1 27 -1 13 -1 -2
47 -1 13 -1 -2
351 -1 27 -1 13 -1 -2
794 -1 464 -1 -2
9 -1 241 -1 -2
656 -1 106 -1 -2
795 -1 796 -1 77 -1 -2
365 -1 106 -1 363 -1 -2
13 -1 6 -1 109 -1 15 -1 26 -1 219 -1 604 -1 169 -1 -2
195 -1 -2
13 -1 27 -1 -2
27 -1 -2
27 -1 27 -1 -2
473 -1 -2
9 -1 55 -1 -2
13 -1 797 -1 -2
13 -1 798 -1 -2
27 -1 13 -1 799 -1 9 -1 27 -1 88 -1 650 -1 -2
9 -1 27 -1 88 -1 650 -1 800 -1 791 -1 87 -1 109 -1 6 -1 363 -1 801 -1 -2
800 -1 791 -1 87 -1 109 -1 6 -1 363 -1 801 -1 802 -1 109 -1 803 -1 13 -1 87 -1 -2
13 -1 804 -1 245 -1 -2
636 -1 804 -1 13 -1 -2
6 -1 -2
6 -1 -2
36 -1 98 -1 805 -1 -2
344 -1 655 -1 -2
204 -1 88 -1 475 -1 334 -1 88 -1 -2
205 -1 106 -1 -2
15 -1 13 -1 13 -1 -2
13 -1 -2
