1 2
3 4
5 6 7
8 9
10 8 11
12 13 14
15 15
16 9 17
9 17 18 19 20 21
22 23 24 13 25 9
13
26
26
26
13 15 27 28
29 27 29
30 31 32
27 33 6
15 34
6
35 36
37 38
13 39
40 41
13 15
27 42 43 44 13
45 46
47 48 5 49 50 51 52 53
6
54 9 55 56
13 57
58 59
27 55
60 27 61
27 62
63 64
13 65
66 13
67 68
69 70 71 9 72 73
74 13
27 75
15 27
50 76 13 77 78 79 80 81 82 83 84 17 27
55 13
15 27
85
86
13 87 27 88 89
90 91 92 93
94 9 36 9 95
13 85 27 15
96 97
13 27 77 27 55 98 13 15
77 27 55 98 13 15 99 98
27 6 42 100 101 102
103 104 105 106
107 15
13
6 108 109
7 110 111
111 112
49 113
114 28 27 115 116 7 117 66 115
15 55 7
118 109 55
27 119
13 15 120
13 66
121 36
122
122 7
13
9 36 9 15 55
27 13 9 15 123 88 124 125
13 6 126
13 13 7
127 128
129 130
131 132
26 84 77
133 13
134
13
13 27 47 135 55 9 136 55 13
137 27 6 138
9 139
140 141 142
143 144
101 102
145
9 146
85 147
148 149 150 151 152
27 153 13 15
154 13
13 7
27 155 156 42
15 157 27
55 158 88 84
158 159 160 159 161
162
109 7 99 163
27
27 7
164 9 6 164
62 165 166 167 168 169
13 170 171
13 9 27 6
17 172 173
6
27 87 13
47 174 109
13 27 36 9
75 1 77 175 176
177 178
27 13
179 180 181
182 183
55 184
185 186 77
187 13 42 85 6
47 9 174
13 15 27 77
9 188 189
15 190 36 28 191 192 165 193
15 27 9 77
6 7 22
9 154 194
88 195
165 196 197
106 198 199
27 3 200
4 201
3
27 9
22 78 202 203 15 204 27
9 9
27 27
77 9
66 13
205 77 7
27 6
124 9
206 207
208 209 206 210
9 15 78 211 212
13
213 27
13 6
77 214 77 215 13
27 42 88
13
15 216 217 78 32 27 85 218 13 13
9 157 13
219 220 221 222 223 224
13 77 27
77 27 82
27 22
27 15
15 13
225 226
55 227
13 228
229 229
198 56
27 230
7 13 231
27 15 109 6
232 233 234
57 235
76 63
13
6 13
236 13 27
237
238 51 239
15 27
13 15 9
7 27
240 36 9 9
15 77
27
13 241 57 242
13 7
7 7 13
9
243
172 173
243 244 13
13
245
27 246 246 15
26
13 9
13
7 15
247 15 90 248 249 250 251 13 252 253 254 255 256 257 258 259 260 261 262 263 264 265 266 5 267 268 42 269 270 271
9 13 264 55
13 6
6 65
77 272
166 117 273 274 275 276 185 85
9 277
278 279 280 281 282 109 283
281 282 109 283 109 284 285 286 287
109 284 285 286 287 288
288 13
289 32
9 290 15 32 291 27 5
292 109 6
293 294
85 27
295 296 297 298
298 112 299
13 300
301 302
27 303 304 305 9 15
95 13
6 13 87
27 185
27 256
187 248 131 15 306
307 308 309 15 78 211 310 311 312
13 6 109 313
13 106 35
314 315
316 117 317
318 319 193
320 117 321 322 9
35 4
323 88 89
13 15 27 324
15 9 27 325
326 13 187
13 55 327
9 13
15 27
117 328 167 55 329 66 36 330 4 331 272 32 241 273 332
27 101 333
13
7 27
334 335
42 336
337 338
339 340
7 341 154 282 342 109 343
15 27
109 344
50 345 67 66 109 197
13 6 9 15 32
27 95
22
27 346
256 347
210 27 348 15 66 112
27 348 15 66 112 55
175 66 77 248 175
15 349 55 350
79 351 13 66 352 109 162
353 354
6
15 13 27
7 355 356
15 357 358
50 109 359 360
13 55 361
285 27
13 9 362 13
13 9 15 341
15 363 364 13 27 85 77 55 365 366 6 42
237 47 15
367 27
13 6 368 15 7 78 124 369
15 7 78 124 369 5 370 15 7
371 15
27 32
77 372 373
363 374
165 112
375 55
27 13
109 109 77 376 153 111
165 13
77 9
377 66
378
27 88 5 82 363
379 380 381 382
27 383 384
13 385 386
387 13 36 49 388 389 390 391 55
27 13 15
6
77 124 27 9
13 392
77 393 359
394 27 395 83 396 397 13 351 77 124 398 399 6 109 227 55 17 36 400
227 55 17 36 400 401 402
403 49 404 405
406 407
408
120 9
77 409
410 77 27 13 411
77 27 13 411 77
27 36 412 117 55
27 185 185
15 88
413 414 27 15 415 36
416 77
363 417
418 26 411
13 55 85
27 13 9 6
15 5 55 78
13 15 13
13 15
15 13
13 27
13 27
85 13 15 13
6
15
27 6 15
15 27
419 420
6 419
24 421 9 27 422
27 13
13 7 423
74 7
424 425
131 95
6
426 13 55
13 55 88 109
27 427 428
15 7 13
27 13
27 6
15 13
13 6
13 285 429 430 27 431 219 9 432 433 235 35 434 435 436 56
437 17 438 6 439 334 224 17 27 7
17 27 7 440 77 441 6 442 443 444
440 77 441 6 442 443 444 5 334 99 441 22
5 334 99 441 22 445 441 224 446 447 149 219 154 28
445 441 224 446 447 149 219 154 28 98 448 6 445 449 447 219 450 219 13
98 448 6 445 449 447 219 450 219 13 6 445 451 27 398
452 27 5 98 15 224 219 106
5 453 169
22 452 6 22
452 6 22 5 28
13
27 187
77 454 455
456 457 458 77 80 27 459
27 9 4
47 460 47
418 62
154 9 13 27 461
462 27 463
77 464 465 466 56 467 468 109
7 27
469 470 471 472
201
15 15 32 13 473
15 13
359 474
475 66
217 13
27
13 9 402 27 6
77 476
477 478 228
7 9 106
13 13
479 480 122
15
6 13 481
6 148 124 85
13 27 237 216
27 237 216 7
7 27
88 27 13 9
482 483
484 32 273 346 485
486 27 88
27 122
487 488 284 489
489 36 32 79 75 55 490 491
464 27
464 492 489 464
493 9 235 88 7
235 88 7 464
106 494
109
13
117 9
27 9 495 496
63 27 77 78 15 497 498 499 9 6 13 7 32 500 15
13
501 502 503
504 505
506 507
508 509 510 511 27 482 512 513 482 514 6
13 22 9 482 515 516
516 120
120
517 7
517
482 518
518 517
13
519 520 521
6 27
22 13
6
7 15
27 66 384
148 7
15 32 9 32 13
372 15 522 13 6
13 185 523 524 15
7 27 6 9
525 13
219 169
366 526
527 528
363 529
27 530
257 77
531 55 531
532 117 319 533 273
403 418
165 109 534 166 535
88 148 13 15 124 77
536 537 538
13 109
13 539 13
9
13 15 32 82 540 99 9 27
22 77 9
27 15 541 13 9 27 15
542 418
9 27 55 543 544
13 15 6
357 6 28 27 15 13
66 88
7 545
13 9
15 546 27 87 547 77
27 88
548 9 549
13 550 15
15
13 27
13 27 13
27 13 13 148
551 27
78 6
462 6 27 13
78 15 52
15 75 552
15 27 553
15 27
554 28
77 13
13 9 555 556 6
32 392 13 109 557
7 52 9
248 558 559 560 561 562 563 564 565
22 566 13 55 567 157 464
252 568
13 15 32
27 13 32 79 569
13 9
77 15 9 363 197 167 570
109 571 13 293
572 573
13 40 574 575
15 13
576 27 15 577 32 66
578 579 580
581 582 66 581 583 13 9
581 583 13 9 584 585 109
6 13
9 106
77 88 219 586 22 587 451 588 589 15
13 482 219 55 219 77 590 591
17 6 7 9 87
15 592 13 197 245 392 593 27 594 595 526 28 352
85 165
596 32 482 85
27 273
15
47 13
109 597
13 197 13
7 166
85 52 598
169 13
27 77 599 6 6
27 6
9 154 600 27 15 264
264 9
6 109
15 326 601 602 272 496 603 604 605
606 607 88 608 609 606 6 13 36 106 610
611 612
612 167 475
36 9 79 613 273
32 614 425
363 615
27 616
15 124 617
6 618 356
66 619
27 13
77 620 621 622 62 623 13 624 625 185
15 626 627 326 13 628 42 629 66 563
13 628 42 629 66 563 581
630 27 631 13 15
632 15
27
27 13
66 109
633 634 197 635 636 19 637 638 639
640 640 641
13 55 36
7 6 642 7 13 77
351 157 42 219 6 109 88 643 9 6 549
28 357 644 464 9 13
77 452 112
13 27 6 264
645 77
154 646
647 492
88 648 40
649 650
651 652
653 154
654 212
482 148 655
13 13
9 9 37 365 656 657
167 658 9 55
9 659
9 231
55 9
660 661
13 15 9
13 9 13 662
77 663
664 665 13 27 666 283 667 656 40 668 362 669
13 9 670
75 13
671 672 27 15 109 673 99
27 674
6
13 27
13 675 197 66
27 77
27 676 78 13 88 677
678 679 680 681
680 681 2
27 77
9 320 47 682
13 683
15 77 9 9
26 26
117 9 9 684
6
492 85 413
85 413 85 685
85 685 85
686 687 34 15 109 7 688
203 77 27 689 88 13 15
77 27 689 88 13 15 13
65
15 27
690 363 691
692 111 6 109 482 693
9 219 6 228
6 6 228
694 212
27 27
13 9
13 27
408 695
13 9 13 87 36 9 27 15 696 6 697
379 379
379 698
699 700 27 701
702 703
704 77
705
13
27
3
706 707
708 13
120 13 76
709 710
185 40
6
55 27 27 13
6
15 406
109 711 383
326 712 677 666
363 713
124 714
714
148 166
204 715
562 7
15 124 27 13
716 464 55 717 27 464 718 719
27 464 718 719 6 719 88
7 9
13 77
27 409 166 84 720 13 516 15 721
167 555 547
722 452 723
724 9
9 719 725 719 15
36 9 27
27 726
138 13
727 27
85 728 177
66 5 729
66 80
489 80
15 730 15 88
383 308
731 27
13
732 733
4 734
22 735 736
13 85 15
157
392 13 27
219 9 27 7
7
6
47 228
167 737 55
95 13
36 738
212
6 13
13 739
6
27 99
656 85 47
740 741
742 13 743 351 744
13 15
77
116 78 745 746
747 172 173
748 204 749 750
165 6
9 136
6 87
27
304 13 27 433 9
193 636
636 15
15 27 6 751
55 752
148 27 7
27 13
753 754 109
109 404 755
27 13
756 77
757 273 758
27 301
759 760 761 22
13 66 384 32 762 763 540 764 55 241 765 766 767 185 197 768 769 770
13 87 768 384 330
88 256 90 768 771 296 482
90 768 771 296 482 35 320
55 772
772
772
320 762 285 13 773 774 241 775 776 380 363 187 777 778 779 780 781 27 782 783 262 784 88 768 178 79 610 785 786 783
88 768 178 79 610 785 786 783 787 788
789 790 109 789 790 13 791 792 13 793 55 737 71
166 27 13
47 13
351 27 13
794 464
9 241
656 106
795 796 77
365 106 363
13 6 109 15 26 219 604 169
195
13 27
27
27 27
473
9 55
13 797
13 798
27 13 799 9 27 88 650
9 27 88 650 800 791 87 109 6 363 801
800 791 87 109 6 363 801 802 109 803 13 87
13 804 245
636 804 13
6
6
36 98 805
344 655
204 88 475 334 88
205 106
15 13 13
13
